0 0 0 45
1 0 1 55
2 0 2 65
3 0 3 75
4 0 4 85
5 0 0 45
6 0 1 55
7 0 2 65
8 0 3 75
9 0 4 85
10 1 0 45
11 1 1 55
12 1 2 65
13 1 3 75
14 1 4 85
15 1 0 45
16 1 1 55
17 1 2 65
18 1 3 75
19 1 4 85
20 2 0 45
21 2 1 55
22 2 2 65
23 2 3 75
24 2 4 85
25 2 0 45
26 2 1 55
27 2 2 65
28 2 3 75
29 2 4 85
30 3 0 45
31 3 1 55
32 3 2 65
33 3 3 75
34 3 4 85
35 3 0 45
36 3 1 55
37 3 2 65
38 3 3 75
39 3 4 85
40 4 0 45
41 4 1 55
42 4 2 65
43 4 3 75
44 4 4 85
45 4 0 45
46 4 1 55
47 4 2 65
48 4 3 75
49 4 4 85
50 5 5 60
51 5 5 80
52 5 5 80
53 6 5 60
54 6 5 60
55 6 5 60
56 7 5 60
57 7 5 80
58 8 5 60
59 8 5 85
60 9 6 60
61 9 6 60
62 10 6 85
63 10 6 60
64 11 6 60
65 11 6 85
66 11 6 85
67 12 7 60
68 12 7 60
69 12 7 60
70 13 7 60
71 13 7 60
72 13 7 60
73 14 7 60
74 14 7 80
75 14 7 80
76 15 8 60
77 15 8 60
78 16 8 60
79 16 8 60
80 16 8 60
81 17 9 60
82 17 9 70
83 17 9 80 
84 18 9 60
85 18 9 75
86 18 9 85
87 19 9 90 
88 19 9 60 
89 19 9 70
90 20 9 70
91 20 9 85
92 20 9 90
93 21 10 60
94 21 10 70
95 21 10 80
96 22 10 90
97 22 10 65
98 22 10 70
99 23 10 90
100 23 10 60
101 23 10 60
102 24 11 90
103 24 11 60
104 24 11 90
105 25 11 60
106 25 11 90
107 25 11 60
108 26 11 90
109 26 11 60
110 26 11 90
111 27 12 90
112 27 12 60
113 27 12 60
114 28 12 90
115 28 12 60
116 28 12 60
117 29 12 90
118 29 12 60
119 29 12 60
120 30 12 90 
121 30 12 60
122 31 13 65  
123 31 13 75 
124 32 13 85
125 32 13 65
126 33 13 75 
127 33 13 85
128 33 13 65
129 34 13 85 
130 34 13 65
131 35 13 75 
132 35 13 85
133 35 13 65
134 36 13 85
135 36 13 65
136 36 13 75
137 37 13 85
138 37 13 65
139 37 13 75
140 38 14 65
141 38 14 75
142 39 14 65
143 39 14 75
144 40 14 75
145 40 14 65
146 41 14 65
147 41 14 75
148 42 14 75
149 42 14 65
150 43 14 85 
151 43 14 65
152 43 14 75 
153 44 14 85 
154 44 14 65
155 44 14 75
156 45 14 65
157 45 14 65
158 46 15 65
159 46 15 75 
160 47 15 85
161 47 15 85 
162 48 15 65
163 48 15 75
164 49 15 85
165 49 15 65
166 49 15 75
167 50 15 65
168 50 15 85
169 51 16 65
170 51 16 85
171 52 16 65
172 52 16 75
173 53 16 85
174 53 16 75
175 54 16 65
176 54 16 65
177 54 16 85
178 55 16 75
179 55 16 85
180 55 16 65